date,total_cases,daily_cases,actual_cases,total_healed,daily_healed,total_dead,daily_dead,total_home_isolation,daily_home_isolation,total_recovered_with_symptoms,daily_recovered_with_symptoms,total_intensive_care,daily_intensive_care,total_hospitalized,daily_hospitalized,total_test,daily_test
2020-02-24,0,0,0,0,0,0,0,0,0,0,0,0,0,0,0,140,140
2020-02-25,2,2,2,0,0,0,0,0,0,2,2,0,0,2,2,296,156
2020-02-26,2,0,2,0,0,0,0,0,0,2,0,0,0,2,0,363,67
2020-02-27,2,0,2,0,0,0,0,0,0,2,0,0,0,2,0,410,47
2020-02-28,8,6,7,1,1,0,0,2,2,5,3,0,0,5,3,437,27
2020-02-29,11,3,10,1,0,0,0,3,1,7,2,0,0,7,2,531,94
2020-03-01,13,2,12,1,0,0,0,5,2,7,0,0,0,7,0,572,41
2020-03-02,13,0,12,1,0,0,0,5,0,7,0,0,0,7,0,613,41
2020-03-03,19,6,18,1,0,0,0,8,3,10,3,0,0,10,3,697,84
2020-03-04,38,19,37,1,0,0,0,20,12,15,5,2,2,17,7,776,79
2020-03-05,61,23,60,1,0,0,0,31,11,26,11,3,1,29,12,776,0
2020-03-06,79,18,78,1,0,0,0,38,7,35,9,5,2,40,11,1097,321
2020-03-07,113,34,112,1,0,0,0,51,13,54,19,7,2,61,21,1331,234
2020-03-08,166,53,165,1,0,0,0,67,16,91,37,7,0,98,37,1618,287
2020-03-09,208,42,206,1,0,1,1,90,23,107,16,9,2,116,18,2018,400
2020-03-10,264,56,260,3,2,1,0,129,39,91,-16,40,31,131,15,2573,555
2020-03-11,320,56,314,5,2,1,0,173,44,87,-4,54,14,141,10,2804,231
2020-03-12,364,44,352,7,2,5,4,193,20,100,13,59,5,159,18,3165,361
2020-03-13,470,106,455,10,3,5,0,244,51,134,34,77,18,211,52,4049,884
2020-03-14,630,160,614,10,0,6,1,367,123,160,26,87,10,247,36,4595,546
2020-03-15,781,151,763,10,0,8,2,481,114,175,15,107,20,282,35,5132,537
2020-03-16,866,85,841,11,1,14,6,559,78,175,0,107,0,282,0,5910,778
2020-03-17,1053,187,1024,12,1,17,3,552,-7,329,154,143,36,472,190,6727,817
2020-03-18,1330,277,1291,17,5,22,5,704,152,427,98,160,17,587,115,7606,879
2020-03-19,1482,152,1422,22,5,38,16,743,39,501,74,178,18,679,92,8873,1267
2020-03-20,1793,311,1713,33,11,47,9,923,180,601,100,189,11,790,111,10405,1532
2020-03-21,2012,219,1905,35,2,72,25,1039,116,664,63,202,13,866,76,11909,1504
2020-03-22,2277,265,2144,42,7,91,19,1223,184,706,42,215,13,921,55,13264,1355
2020-03-23,2461,184,2301,51,9,109,18,1225,2,838,132,238,23,1076,155,13851,587
2020-03-24,2699,238,2519,51,0,129,20,1357,132,918,80,244,6,1162,86,15701,1850
2020-03-25,2972,273,2776,54,3,142,13,1526,169,999,81,251,7,1250,88,17868,2167
2020-03-26,3226,254,2973,95,41,158,16,1677,151,1037,38,259,8,1296,46,20952,3084
2020-03-27,3450,224,3170,103,8,177,19,1843,166,1053,16,274,15,1327,31,23746,2794
2020-03-28,3817,367,3511,108,5,198,21,2141,298,1093,40,277,3,1370,43,25613,1867
2020-03-29,4122,305,3786,121,13,215,17,2400,259,1111,18,275,-2,1386,16,27579,1966
2020-03-30,4412,290,4050,131,10,231,16,2655,255,1116,5,279,4,1395,9,30099,2520
2020-03-31,4608,196,4226,138,7,244,13,2813,158,1120,4,293,14,1413,18,33165,3066
2020-04-01,4867,259,4432,182,44,253,9,3015,202,1120,0,297,4,1417,4,36575,3410
2020-04-02,5273,406,4789,216,34,268,15,3359,344,1135,15,295,-2,1430,13,40724,4149
2020-04-03,5499,226,4909,300,84,290,22,3472,113,1149,14,288,-7,1437,7,44460,3736
2020-04-04,5671,172,5054,310,10,307,17,3639,167,1129,-20,286,-2,1415,-22,47886,3426
2020-04-05,5847,176,5185,337,27,325,18,3798,159,1111,-18,276,-10,1387,-28,51006,3120
2020-04-06,6001,154,5301,350,13,350,25,3906,108,1116,5,279,3,1395,8,52849,1843
2020-04-07,6173,172,5427,377,27,369,19,4077,171,1087,-29,263,-16,1350,-45,56651,3802
2020-04-08,6379,206,5557,430,53,392,23,4231,154,1066,-21,260,-3,1326,-24,60985,4334
2020-04-09,6552,173,5703,441,11,408,16,4409,178,1038,-28,256,-4,1294,-32,65461,4476
2020-04-10,6727,175,5822,451,10,454,46,4555,146,1011,-27,256,0,1267,-27,72001,6540
2020-04-11,6958,231,5992,499,48,467,13,4758,203,997,-14,237,-19,1234,-33,75756,3755
2020-04-12,7235,277,6162,578,79,495,28,4941,183,983,-14,238,1,1221,-13,78640,2884
2020-04-13,7390,155,6257,615,37,518,23,5040,99,992,9,225,-13,1217,-4,80889,2249
2020-04-14,7527,137,6352,637,22,538,20,5125,85,1002,10,225,0,1227,10,82269,1380
2020-04-15,7666,139,6417,693,56,556,18,5224,99,977,-25,216,-9,1193,-34,86348,4079
2020-04-16,7943,277,6613,745,52,585,29,5460,236,940,-37,213,-3,1153,-40,91651,5303
2020-04-17,8110,167,6583,925,180,602,17,5478,18,898,-42,207,-6,1105,-48,96231,4580
2020-04-18,8237,127,6470,1149,224,618,16,5389,-89,883,-15,198,-9,1081,-24,99903,3672
2020-04-19,8372,135,6496,1239,90,637,19,5452,63,852,-31,192,-6,1044,-37,103975,4072
2020-04-20,8507,135,6568,1272,33,667,30,5536,84,850,-2,182,-10,1032,-12,105857,1882
2020-04-21,8603,96,6622,1295,23,686,19,5618,82,833,-17,171,-11,1004,-28,109925,4068
2020-04-22,8700,97,6167,1828,533,705,19,5173,-445,820,-13,174,3,994,-10,114100,4175
2020-04-23,8780,80,6171,1886,58,723,18,5212,39,791,-29,168,-6,959,-35,118177,4077
